IGKSQE        45      31      93      28      81      88       2      35       1      14      26       1      30       3      60      32      23
TGCGOJ         4      32      65      55      21      82       8      82      54      88      42      13      87      43      38      79      22
EKZJUK        47      11      62      98      14      54      65      57       7      29      80      68      28      22      51      87      75
KWWDNM        71      36      93      86      97       1      65      63      47      61      33      10      11      46      96      46      23
MHMOCX        75      22      79       9      77      30       6       3      80      82      25      57      91      37      41      75      38
OAJHSR        29      47      14       9      32      53      59      92      50      13      84      50      65      43      79      36      38
ZCQZTZ         9      77      36       8       8      54      43      54      25      50      38      34      31      28      91      73      28
XQICYL        58      92      74      12      64      82      37       7      38      75      67      13      35      89      96      53      54
VTCKQO        64      81      82       9      22      87      92      68      51      84      30      18      60      64      19      60      18
EXQSIO        24      52      50      20      60      78      53      96       9      52      32      58      40      63      77       9      77
